2014,1129,1754,梅丘寿司の美登利総本店_赤坂店,31
2014,1129,1754,梅丘寿司の美登利総本店_銀座店,40
2014,1129,1754,梅丘寿司の美登利総本店_渋谷店,
2014,1129,1754,梅丘寿司の美登利総本店_玉川店,57
2014,1129,1754,梅丘寿司の美登利総本店_赤坂店,31
2014,1129,1754,梅丘寿司の美登利総本店_アトレ吉祥寺店,53
2014,1129,1804,梅丘寿司の美登利総本店_赤坂店,29
2014,1129,1804,梅丘寿司の美登利総本店_銀座店,44
2014,1129,1804,梅丘寿司の美登利総本店_渋谷店,
2014,1129,1804,梅丘寿司の美登利総本店_玉川店,60
2014,1129,1804,梅丘寿司の美登利総本店_赤坂店,29
2014,1129,1804,梅丘寿司の美登利総本店_アトレ吉祥寺店,59
2014,1129,1824,梅丘寿司の美登利総本店_赤坂店,32
2014,1129,1824,梅丘寿司の美登利総本店_銀座店,45
2014,1129,1824,梅丘寿司の美登利総本店_渋谷店,
2014,1129,1824,梅丘寿司の美登利総本店_玉川店,60
2014,1129,1824,梅丘寿司の美登利総本店_赤坂店,32
2014,1129,1824,梅丘寿司の美登利総本店_アトレ吉祥寺店,52
2014,1129,1844,梅丘寿司の美登利総本店_赤坂店,32
2014,1129,1844,梅丘寿司の美登利総本店_銀座店,
2014,1129,1844,梅丘寿司の美登利総本店_渋谷店,
2014,1129,1844,梅丘寿司の美登利総本店_玉川店,60
2014,1129,1844,梅丘寿司の美登利総本店_赤坂店,32
2014,1129,1844,梅丘寿司の美登利総本店_アトレ吉祥寺店,55
2014,1129,1904,梅丘寿司の美登利総本店_赤坂店,30
2014,1129,1904,梅丘寿司の美登利総本店_銀座店,
2014,1129,1904,梅丘寿司の美登利総本店_渋谷店,
2014,1129,1904,梅丘寿司の美登利総本店_玉川店,54
2014,1129,1904,梅丘寿司の美登利総本店_赤坂店,30
2014,1129,1904,梅丘寿司の美登利総本店_アトレ吉祥寺店,49
2014,1129,1924,梅丘寿司の美登利総本店_赤坂店,28
2014,1129,1924,梅丘寿司の美登利総本店_銀座店,
2014,1129,1924,梅丘寿司の美登利総本店_渋谷店,
2014,1129,1924,梅丘寿司の美登利総本店_玉川店,49
2014,1129,1924,梅丘寿司の美登利総本店_赤坂店,28
2014,1129,1924,梅丘寿司の美登利総本店_アトレ吉祥寺店,45
2014,1129,1944,梅丘寿司の美登利総本店_赤坂店,26
2014,1129,1944,梅丘寿司の美登利総本店_銀座店,
2014,1129,1944,梅丘寿司の美登利総本店_渋谷店,
2014,1129,1944,梅丘寿司の美登利総本店_玉川店,46
2014,1129,1944,梅丘寿司の美登利総本店_赤坂店,26
2014,1129,1944,梅丘寿司の美登利総本店_アトレ吉祥寺店,41
2014,1129,2004,梅丘寿司の美登利総本店_赤坂店,22
2014,1129,2004,梅丘寿司の美登利総本店_銀座店,
2014,1129,2004,梅丘寿司の美登利総本店_渋谷店,
2014,1129,2004,梅丘寿司の美登利総本店_玉川店,40
2014,1129,2004,梅丘寿司の美登利総本店_赤坂店,22
2014,1129,2004,梅丘寿司の美登利総本店_アトレ吉祥寺店,39
2014,1129,2024,梅丘寿司の美登利総本店_赤坂店,22
2014,1129,2024,梅丘寿司の美登利総本店_銀座店,
2014,1129,2024,梅丘寿司の美登利総本店_渋谷店,
2014,1129,2024,梅丘寿司の美登利総本店_玉川店,37
2014,1129,2024,梅丘寿司の美登利総本店_赤坂店,22
2014,1129,2024,梅丘寿司の美登利総本店_アトレ吉祥寺店,26
2014,1129,2044,梅丘寿司の美登利総本店_赤坂店,2
2014,1129,2044,梅丘寿司の美登利総本店_銀座店,
2014,1129,2044,梅丘寿司の美登利総本店_渋谷店,
2014,1129,2044,梅丘寿司の美登利総本店_玉川店,31
2014,1129,2044,梅丘寿司の美登利総本店_赤坂店,2
2014,1129,2044,梅丘寿司の美登利総本店_アトレ吉祥寺店,15
2014,1129,2104,梅丘寿司の美登利総本店_赤坂店,6
2014,1129,2104,梅丘寿司の美登利総本店_銀座店,
2014,1129,2104,梅丘寿司の美登利総本店_渋谷店,
2014,1129,2104,梅丘寿司の美登利総本店_玉川店,
2014,1129,2104,梅丘寿司の美登利総本店_赤坂店,6
2014,1129,2104,梅丘寿司の美登利総本店_アトレ吉祥寺店,
2014,1129,2124,梅丘寿司の美登利総本店_赤坂店,2
2014,1129,2124,梅丘寿司の美登利総本店_銀座店,
2014,1129,2124,梅丘寿司の美登利総本店_渋谷店,
2014,1129,2124,梅丘寿司の美登利総本店_玉川店,
2014,1129,2124,梅丘寿司の美登利総本店_赤坂店,2
2014,1129,2124,梅丘寿司の美登利総本店_アトレ吉祥寺店,
2014,1129,2144,梅丘寿司の美登利総本店_赤坂店,
2014,1129,2144,梅丘寿司の美登利総本店_銀座店,
2014,1129,2144,梅丘寿司の美登利総本店_渋谷店,
2014,1129,2144,梅丘寿司の美登利総本店_玉川店,
2014,1129,2144,梅丘寿司の美登利総本店_赤坂店,
2014,1129,2144,梅丘寿司の美登利総本店_アトレ吉祥寺店,
2014,1129,2204,梅丘寿司の美登利総本店_赤坂店,
2014,1129,2204,梅丘寿司の美登利総本店_銀座店,
2014,1129,2204,梅丘寿司の美登利総本店_渋谷店,
2014,1129,2204,梅丘寿司の美登利総本店_玉川店,
2014,1129,2204,梅丘寿司の美登利総本店_赤坂店,
2014,1129,2204,梅丘寿司の美登利総本店_アトレ吉祥寺店,
2014,1129,2224,梅丘寿司の美登利総本店_赤坂店,
2014,1129,2224,梅丘寿司の美登利総本店_銀座店,
2014,1129,2224,梅丘寿司の美登利総本店_渋谷店,
2014,1129,2224,梅丘寿司の美登利総本店_玉川店,
2014,1129,2224,梅丘寿司の美登利総本店_赤坂店,
2014,1129,2224,梅丘寿司の美登利総本店_アトレ吉祥寺店,
2014,1129,2245,梅丘寿司の美登利総本店_赤坂店,
2014,1129,2245,梅丘寿司の美登利総本店_銀座店,
2014,1129,2245,梅丘寿司の美登利総本店_渋谷店,
2014,1129,2245,梅丘寿司の美登利総本店_玉川店,
2014,1129,2245,梅丘寿司の美登利総本店_赤坂店,
2014,1129,2245,梅丘寿司の美登利総本店_アトレ吉祥寺店,
2014,1129,2305,梅丘寿司の美登利総本店_赤坂店,
2014,1129,2305,梅丘寿司の美登利総本店_銀座店,
2014,1129,2305,梅丘寿司の美登利総本店_渋谷店,
2014,1129,2305,梅丘寿司の美登利総本店_玉川店,
2014,1129,2305,梅丘寿司の美登利総本店_赤坂店,
2014,1129,2305,梅丘寿司の美登利総本店_アトレ吉祥寺店,
2014,1129,2325,梅丘寿司の美登利総本店_赤坂店,
2014,1129,2325,梅丘寿司の美登利総本店_銀座店,
2014,1129,2325,梅丘寿司の美登利総本店_渋谷店,
2014,1129,2325,梅丘寿司の美登利総本店_玉川店,
2014,1129,2325,梅丘寿司の美登利総本店_赤坂店,
2014,1129,2325,梅丘寿司の美登利総本店_アトレ吉祥寺店,
2014,1129,2345,梅丘寿司の美登利総本店_赤坂店,
2014,1129,2345,梅丘寿司の美登利総本店_銀座店,
2014,1129,2345,梅丘寿司の美登利総本店_渋谷店,
2014,1129,2345,梅丘寿司の美登利総本店_玉川店,
2014,1129,2345,梅丘寿司の美登利総本店_赤坂店,
2014,1129,2345,梅丘寿司の美登利総本店_アトレ吉祥寺店,
